7 0.941558 0.925704 0.040584 0.086135
7 0.897727 0.884293 0.047078 0.099386
7 0.862419 0.854477 0.033279 0.092760
7 0.818994 0.814723 0.045455 0.082822
7 0.782062 0.783251 0.026786 0.076196
7 0.745942 0.745981 0.034091 0.077852
7 0.715097 0.726103 0.025974 0.061288
7 0.685471 0.693803 0.025162 0.069570
7 0.656250 0.659846 0.025162 0.061288
7 0.633523 0.643282 0.021916 0.057975
7 0.604708 0.615122 0.025974 0.067914
7 0.581981 0.591932 0.021104 0.048037
7 0.559253 0.569570 0.021104 0.053006
7 0.536932 0.549693 0.023539 0.043067
7 0.515828 0.534785 0.018669 0.043067
