7 0.989873 0.738181 0.019326 0.045749
7 0.968421 0.725561 0.022032 0.042594
7 0.947743 0.712546 0.021645 0.044960
7 0.925131 0.701503 0.022032 0.044960
7 0.900588 0.683755 0.023964 0.041017
7 0.879136 0.667980 0.020485 0.037861
7 0.859230 0.656542 0.015461 0.030762
7 0.842030 0.648260 0.018939 0.031551
7 0.819805 0.632879 0.023191 0.033917
7 0.798933 0.622231 0.016234 0.031551
7 0.784439 0.612371 0.012755 0.024452
7 0.770138 0.602905 0.012755 0.026030
7 0.022225 0.718462 0.043677 0.075723
7 0.066674 0.688094 0.044450 0.070201
7 0.100881 0.673501 0.029375 0.059947
7 0.133156 0.654176 0.039038 0.057581
7 0.167749 0.633273 0.028602 0.048904
7 0.196931 0.620259 0.030535 0.051271
7 0.220702 0.605666 0.022418 0.036284
7 0.239062 0.595412 0.024351 0.037861
7 0.262639 0.585552 0.025897 0.037073
7 0.287376 0.575693 0.025124 0.034706
7 0.307669 0.568594 0.026283 0.034706
