7 0.974838 0.912452 0.047078 0.082822
7 0.930601 0.880152 0.054383 0.081165
7 0.890422 0.841226 0.035714 0.072883
7 0.855519 0.813895 0.043831 0.071227
7 0.823052 0.783251 0.030844 0.049693
7 0.790990 0.762545 0.033279 0.061288
7 0.759740 0.733557 0.034091 0.056319
7 0.728896 0.705398 0.032468 0.056319
7 0.704951 0.688005 0.026786 0.038098
7 0.684253 0.668956 0.021104 0.036442
7 0.665990 0.656533 0.020292 0.034785
7 0.021104 0.752606 0.042208 0.071227
7 0.062906 0.735214 0.046266 0.066257
7 0.100244 0.708711 0.031656 0.053006
7 0.125000 0.691318 0.027597 0.041411
7 0.148945 0.681380 0.025162 0.041411
