7 0.974838 0.686349 0.042208 0.097730
7 0.932630 0.679723 0.034091 0.084478
7 0.889610 0.672269 0.045455 0.086135
7 0.838880 0.652392 0.054383 0.086135
7 0.790584 0.651564 0.047078 0.081165
7 0.740666 0.630858 0.060877 0.076196
7 0.683442 0.605184 0.050325 0.061288
7 0.645698 0.601871 0.051136 0.061288
7 0.594562 0.592760 0.056006 0.066257
7 0.543019 0.573711 0.055195 0.057975
7 0.486607 0.564601 0.062500 0.056319
7 0.428571 0.543067 0.048701 0.046380
7 0.383929 0.529816 0.038961 0.046380
7 0.342127 0.519049 0.046266 0.044724
7 0.289367 0.505798 0.056006 0.048037
7 0.240666 0.487577 0.036526 0.038098
7 0.206981 0.478466 0.042208 0.049693
7 0.167614 0.469356 0.043019 0.038098
