7 0.929789 0.880152 0.067370 0.130858
7 0.868101 0.827974 0.056006 0.122576
7 0.823864 0.794846 0.032468 0.096073
7 0.775974 0.755919 0.058442 0.087791
7 0.723620 0.723619 0.038149 0.082822
7 0.687500 0.689662 0.037338 0.077852
7 0.647321 0.663987 0.039773 0.062945
7 0.845779 0.940612 0.053571 0.099386
7 0.799513 0.887606 0.040584 0.096073
7 0.755682 0.844539 0.042208 0.092760
7 0.708198 0.789048 0.036526 0.081165
7 0.618506 0.639141 0.029221 0.066257
7 0.588474 0.611809 0.032468 0.057975
7 0.559253 0.589448 0.024351 0.046380
7 0.534903 0.571227 0.017857 0.033129
