7 0.144481 0.895060 0.034091 0.091104
7 0.178166 0.853649 0.033279 0.107668
7 0.206169 0.818036 0.030844 0.089448
7 0.238636 0.793189 0.042208 0.089448
7 0.270292 0.755919 0.029221 0.081165
7 0.295455 0.726103 0.027597 0.074540
7 0.321429 0.705398 0.025974 0.076196
7 0.344562 0.688005 0.025162 0.071227
7 0.365260 0.661502 0.024351 0.057975
7 0.388799 0.642453 0.022727 0.066257
7 0.408498 0.619477 0.020292 0.064346
7 0.429570 0.597179 0.022478 0.059249
7 0.451111 0.576155 0.021229 0.045233
7 0.467970 0.564687 0.014985 0.045233
7 0.479989 0.548760 0.010302 0.036314
7 0.491228 0.539204 0.010302 0.041411
7 0.503715 0.529010 0.014673 0.037588
7 0.516515 0.512446 0.012175 0.029943
