7 0.961851 0.903342 0.076298 0.137484
7 0.892857 0.847852 0.066558 0.115951
7 0.828328 0.802300 0.065747 0.104355
7 0.772321 0.759232 0.057630 0.104355
7 0.711851 0.726103 0.066558 0.087791
7 0.657873 0.686349 0.056006 0.064601
7 0.621753 0.650736 0.030844 0.062945
7 0.595779 0.639969 0.027597 0.048037
7 0.564123 0.616779 0.043831 0.061288
7 0.532468 0.600214 0.025974 0.048037
7 0.510958 0.579509 0.023539 0.026503
7 0.493506 0.568742 0.017857 0.031472
7 0.470610 0.558255 0.025365 0.031748
7 0.447950 0.541691 0.019278 0.023466
7 0.144075 0.604843 0.010823 0.025537
7 0.152361 0.593455 0.009131 0.023466
