7 0.020443 0.690091 0.040885 0.056442
7 0.058021 0.672607 0.037879 0.052147
7 0.096050 0.655122 0.035173 0.050307
7 0.128668 0.651441 0.025253 0.045399
7 0.160233 0.635797 0.025854 0.039877
7 0.191799 0.622914 0.024651 0.042331
7 0.218855 0.615552 0.026455 0.037423
7 0.240049 0.606043 0.020743 0.034356
7 0.261995 0.598987 0.025553 0.034969
7 0.291156 0.584263 0.034572 0.038650
7 0.320166 0.572914 0.027056 0.030675
7 0.349176 0.560030 0.033369 0.030675
7 0.375841 0.550974 0.024641 0.033720
7 0.398162 0.545354 0.021742 0.027213
7 0.418454 0.535888 0.021162 0.024847
7 0.439471 0.526719 0.021452 0.027804
