7 0.958198 0.704570 0.073864 0.081165
7 0.887987 0.684693 0.066558 0.081165
7 0.822646 0.668128 0.073864 0.077852
7 0.761769 0.662331 0.056006 0.076196
7 0.704545 0.643282 0.061688 0.074540
7 0.649351 0.635000 0.053571 0.061288
7 0.597403 0.625889 0.058442 0.069570
7 0.536932 0.612638 0.070617 0.069570
7 0.467127 0.599386 0.077110 0.069570
7 0.400162 0.588619 0.060065 0.061288
7 0.344156 0.580337 0.058442 0.064601
7 0.282873 0.566257 0.065747 0.072883
7 0.230519 0.553006 0.043831 0.059632
7 0.179789 0.543067 0.059253 0.056319
7 0.122159 0.537270 0.059253 0.054662
7 0.068994 0.528159 0.042208 0.066257
7 0.025974 0.512423 0.043831 0.061288
