7 0.933847 0.935643 0.046266 0.115951
7 0.888799 0.879324 0.047078 0.125889
7 0.850244 0.825490 0.038149 0.107668
7 0.818588 0.785735 0.034903 0.101043
7 0.788961 0.748465 0.029221 0.092760
7 0.765422 0.710367 0.025974 0.079509
7 0.742695 0.683864 0.024351 0.072883
7 0.075487 0.773312 0.029221 0.059632
7 0.098620 0.754263 0.030032 0.061288
7 0.127029 0.736042 0.026786 0.061288
7 0.147653 0.719469 0.024203 0.061306
7 0.716684 0.649664 0.026195 0.060234
7 0.693440 0.621806 0.021768 0.051199
7 0.674624 0.600724 0.016603 0.046681
7 0.658759 0.578889 0.017341 0.033129
7 0.167134 0.702369 0.022875 0.051199
7 0.190747 0.685428 0.025826 0.047434
7 0.213068 0.668111 0.023244 0.050446
7 0.233914 0.649287 0.019923 0.038399
7 0.254759 0.636488 0.020292 0.038399
7 0.274498 0.618417 0.020661 0.035387
7 0.030148 0.805564 0.024351 0.070990
