7 0.105230 0.832864 0.034207 0.050876
7 0.126826 0.810088 0.033337 0.051468
7 0.154511 0.785241 0.026670 0.049101
7 0.175673 0.764831 0.023191 0.047327
7 0.196689 0.750042 0.024641 0.049693
7 0.217851 0.731703 0.024061 0.047327
7 0.239303 0.719575 0.026960 0.047918
7 0.259305 0.700053 0.018263 0.042002
7 0.278293 0.687925 0.012755 0.035495
7 0.294382 0.673432 0.012465 0.027804
7 0.990492 0.742856 0.019016 0.070990
7 0.971707 0.732799 0.020872 0.057975
7 0.947356 0.720376 0.030148 0.061525
7 0.917208 0.705586 0.038265 0.057975
7 0.890538 0.691980 0.023191 0.056792
7 0.861549 0.678965 0.037106 0.054426
7 0.837488 0.662992 0.021452 0.041411
7 0.817776 0.659442 0.023771 0.036678
7 0.800383 0.654118 0.024930 0.040228
7 0.790526 0.647019 0.027250 0.040228
7 0.772263 0.637554 0.022032 0.035495
7 0.754870 0.629863 0.020872 0.027213
7 0.740955 0.625130 0.018553 0.029579
