7 0.039367 0.753435 0.065747 0.092760
7 0.103490 0.731073 0.062500 0.087791
7 0.162744 0.706226 0.046266 0.077852
7 0.213880 0.684693 0.051136 0.091104
7 0.268669 0.670613 0.050325 0.082822
7 0.329951 0.649907 0.065747 0.074540
7 0.396104 0.623404 0.071429 0.087791
7 0.463474 0.601043 0.066558 0.066257
7 0.529627 0.572055 0.059253 0.064601
7 0.585633 0.556319 0.052760 0.056319
7 0.641234 0.533129 0.060065 0.062945
7 0.693994 0.514908 0.037338 0.046380
7 0.734172 0.503313 0.044643 0.039754
7 0.775974 0.487577 0.040584 0.034785
7 0.823864 0.475982 0.045455 0.048037
7 0.867289 0.457761 0.034903 0.041411
7 0.906361 0.443522 0.041617 0.032810
