5 0.543019 0.509110 0.016234 0.074540
7 0.728084 0.662331 0.027597 0.072883

7 0.971997 0.755919 0.056006 0.067914
7 0.913961 0.741011 0.074675 0.094417
7 0.845779 0.708711 0.068182 0.076196
7 0.783685 0.681380 0.067370 0.087791
7 0.722403 0.661502 0.060065 0.081165
7 0.674513 0.639969 0.050325 0.074540
7 0.631088 0.620920 0.047890 0.079509
7 0.588880 0.605184 0.041396 0.067914
7 0.553977 0.587791 0.034903 0.072883
7 0.509334 0.577852 0.062500 0.062945
7 0.443994 0.549693 0.061688 0.062945
7 0.385958 0.519877 0.059253 0.049693
7 0.334010 0.499172 0.052760 0.048037
7 0.287338 0.480123 0.050325 0.049693
7 0.244318 0.462730 0.040584 0.041411
7 0.207386 0.448650 0.041396 0.046380
7 0.169237 0.432086 0.038149 0.039754
7 0.136364 0.425460 0.030844 0.043067
7 0.107955 0.407240 0.034091 0.039754
7 0.080357 0.398129 0.027597 0.034785
