7 0.066964 0.712024 0.015422 0.046380
5 0.299341 0.527727 0.005411 0.019576

7 0.008999 0.758254 0.015881 0.050413
7 0.022939 0.739889 0.019057 0.045372
7 0.040761 0.730526 0.022233 0.049693
7 0.055407 0.717563 0.021880 0.041051
7 0.074464 0.706760 0.017645 0.046812
7 0.092109 0.693076 0.019057 0.045372
7 0.108696 0.681193 0.022586 0.050413
7 0.126518 0.665349 0.016587 0.041771
7 0.144692 0.655266 0.016940 0.038890
7 0.165514 0.641583 0.013411 0.031688
7 0.185100 0.636181 0.013763 0.049693
7 0.199393 0.617096 0.014116 0.027367
7 0.214215 0.606654 0.011293 0.026647
7 0.229037 0.595131 0.010587 0.023766
