7 0.563754 0.637617 0.019185 0.039152
5 0.511548 0.527690 0.007748 0.042164
5 0.502324 0.526937 0.006272 0.042164

7 0.972808 0.688834 0.049513 0.049693
7 0.904221 0.683036 0.071429 0.051350
7 0.854708 0.670613 0.034091 0.062945
7 0.823864 0.675582 0.043831 0.053006
7 0.780438 0.664815 0.046266 0.057975
7 0.731331 0.659018 0.047078 0.049693
7 0.687094 0.652392 0.038149 0.049693
7 0.646104 0.648251 0.045455 0.044724
7 0.599838 0.643282 0.042208 0.048037
7 0.551136 0.636656 0.048701 0.044724
7 0.502029 0.634171 0.047890 0.036442
7 0.450893 0.628374 0.060877 0.041411
