7 0.842532 0.772484 0.025974 0.087791
5 0.549436 0.482617 0.008117 0.031551
5 0.203309 0.487349 0.008503 0.031551

7 0.962662 0.871850 0.057792 0.102036
7 0.910390 0.831102 0.050000 0.096073
7 0.869805 0.787703 0.040909 0.087460
7 0.824351 0.751262 0.046104 0.082159
7 0.788312 0.720783 0.030519 0.062282
7 0.760227 0.693618 0.030195 0.058307
7 0.731656 0.668109 0.029545 0.054994
7 0.703571 0.647238 0.027922 0.053006
7 0.679708 0.624379 0.026299 0.039092
7 0.651461 0.604170 0.026948 0.046380
7 0.628247 0.582968 0.022078 0.038429
7 0.609578 0.563091 0.016558 0.034454
7 0.588799 0.545864 0.023701 0.034454
7 0.569481 0.529631 0.018831 0.031141
