5 0.969156 0.557975 0.012987 0.043067
5 0.463474 0.521157 0.011364 0.042314
7 0.421870 0.600077 0.015818 0.043322
7 0.535090 0.516618 0.000000 0.000425
7 0.558374 0.644427 0.000676 0.000000

7 0.143263 0.880152 0.056006 0.114294
7 0.190747 0.829631 0.040584 0.119263
7 0.229302 0.800643 0.033279 0.107668
7 0.258523 0.772484 0.033279 0.107668
7 0.294237 0.735214 0.033279 0.089448
7 0.330763 0.702913 0.036526 0.084478
7 0.362419 0.662331 0.026786 0.069570
7 0.385214 0.640732 0.020969 0.057285
7 0.407366 0.618646 0.023336 0.057285
7 0.428842 0.600011 0.020292 0.061426
7 0.448627 0.580686 0.019278 0.043481
7 0.463846 0.564467 0.010484 0.037270
7 0.474669 0.552389 0.009808 0.028297
7 0.484138 0.541001 0.007102 0.023466
