7 0.655350 0.625379 0.013411 0.035289
5 0.498482 0.523472 0.005999 0.023046

7 0.976461 0.768343 0.047078 0.066257
7 0.939529 0.749294 0.031656 0.054662
7 0.907873 0.736042 0.036526 0.054662
7 0.877841 0.726932 0.030032 0.046380
7 0.852273 0.716993 0.030844 0.049693
7 0.827922 0.701257 0.030844 0.048037
7 0.796266 0.687177 0.042208 0.046380
7 0.765422 0.675582 0.029221 0.039754
7 0.739448 0.663987 0.029221 0.036442
7 0.712662 0.650736 0.034091 0.043067
7 0.686282 0.636656 0.028409 0.034785
7 0.656250 0.621748 0.036526 0.041411
7 0.627029 0.610981 0.030032 0.029816
