5 0.590097 0.570106 0.010552 0.052178
7 0.642654 0.659968 0.016640 0.059632

7 0.967532 0.839569 0.048701 0.086135
7 0.914773 0.809753 0.056818 0.082822
7 0.855519 0.771655 0.058442 0.086135
7 0.807224 0.741011 0.041396 0.074540
7 0.761364 0.726103 0.051948 0.077852
7 0.713474 0.702913 0.042208 0.067914
7 0.669237 0.662331 0.041396 0.059632
7 0.626623 0.654049 0.034091 0.059632
7 0.585633 0.629202 0.044643 0.049693
7 0.547484 0.610153 0.023539 0.044724
7 0.522321 0.599386 0.021916 0.046380
7 0.495130 0.582822 0.025974 0.036442
7 0.466315 0.563773 0.023539 0.034785
7 0.440341 0.555510 0.025162 0.038060
7 0.419933 0.548016 0.018901 0.037270
