5 0.554595 0.518791 0.006705 0.028087
5 0.104108 0.525992 0.011293 0.038170
7 0.657644 0.673631 0.015175 0.043932

7 0.918425 0.950551 0.043019 0.096073
7 0.881494 0.909140 0.035714 0.082822
7 0.850649 0.885950 0.030844 0.086135
7 0.812906 0.842054 0.041396 0.077852
7 0.776786 0.803128 0.037338 0.069570
7 0.739854 0.763373 0.038149 0.072883
7 0.702516 0.723619 0.036526 0.059632
7 0.670455 0.692147 0.025974 0.053006
7 0.012581 0.621748 0.025162 0.044724
7 0.038149 0.609325 0.029221 0.046380
7 0.068588 0.592760 0.030032 0.053006
