5 0.079545 0.596073 0.017857 0.062945
5 0.622437 0.589214 0.011107 0.040103
7 0.664516 0.665497 0.019224 0.044462

7 0.906385 0.865731 0.025027 0.080751
7 0.874594 0.835018 0.040584 0.086963
7 0.830797 0.804995 0.046334 0.087653
7 0.786661 0.773592 0.037879 0.074540
7 0.753179 0.738393 0.029762 0.059356
7 0.721388 0.718032 0.031115 0.055905
7 0.691119 0.694566 0.027394 0.053144
7 0.664570 0.670755 0.026380 0.046932
7 0.639205 0.646944 0.021645 0.042101
7 0.620791 0.632423 0.015031 0.036810
7 0.603956 0.618006 0.018038 0.034969
7 0.586219 0.603895 0.017436 0.034969
7 0.570587 0.590092 0.013228 0.025767
7 0.097252 0.620153 0.020142 0.036810
7 0.116342 0.610337 0.018038 0.036810
7 0.135732 0.602975 0.018338 0.038037
7 0.151816 0.594386 0.017436 0.041718
7 0.165043 0.587944 0.016835 0.041104
7 0.180075 0.576288 0.018639 0.039877
7 0.199916 0.566472 0.022246 0.032515
