7 0.792614 0.913281 0.023539 0.110981
5 0.540387 0.541629 0.008512 0.036006

7 0.851461 0.957883 0.064935 0.084234
7 0.801542 0.913281 0.036526 0.104355
7 0.770698 0.873526 0.021916 0.077852
7 0.744724 0.844539 0.028409 0.076196
7 0.716315 0.802300 0.031656 0.081165
7 0.688718 0.768343 0.025162 0.066257
7 0.663961 0.733557 0.021104 0.053006
7 0.644481 0.707883 0.016234 0.051350
7 0.628653 0.691318 0.018669 0.051350
7 0.606331 0.660674 0.019481 0.046380
7 0.586520 0.634877 0.018639 0.038037
7 0.567731 0.606349 0.017737 0.038650
7 0.553301 0.584877 0.012927 0.030061
7 0.541877 0.571994 0.009319 0.025153
7 0.534662 0.562178 0.009921 0.025153
7 0.525192 0.550828 0.010823 0.022086
7 0.517376 0.540399 0.009019 0.019632
7 0.509560 0.528435 0.008418 0.014110
