5 0.547537 0.505467 0.005999 0.025927
7 0.882305 0.726103 0.022727 0.081165

7 0.980925 0.788220 0.038149 0.082822
7 0.942370 0.761717 0.043831 0.062945
7 0.901786 0.736042 0.035714 0.061288
7 0.867695 0.719478 0.034091 0.057975
7 0.835227 0.699601 0.035714 0.057975
7 0.795860 0.675582 0.039773 0.062945
7 0.760958 0.659846 0.030032 0.051350
7 0.732955 0.636656 0.032468 0.044724
7 0.705763 0.619263 0.025162 0.033129
7 0.680601 0.610981 0.023539 0.046380
7 0.655844 0.596073 0.030844 0.043067
7 0.627435 0.577024 0.019481 0.031472
