5 0.251218 0.545552 0.026786 0.130858
7 0.423701 0.627546 0.029221 0.099386

7 0.023539 0.790704 0.047078 0.144110
7 0.075893 0.757576 0.060877 0.127546
7 0.136769 0.740183 0.057630 0.132515
7 0.198052 0.718650 0.073052 0.139141
7 0.263799 0.691318 0.063312 0.120920
7 0.326705 0.668956 0.065747 0.122576
7 0.387987 0.640797 0.060065 0.109325
7 0.444399 0.618435 0.049513 0.104355
7 0.497565 0.597730 0.060065 0.096073
7 0.548701 0.582822 0.043831 0.102699
7 0.593750 0.569570 0.046266 0.096073
7 0.646104 0.537270 0.053571 0.094417
7 0.696429 0.523190 0.045455 0.076196
7 0.748782 0.504969 0.054383 0.076196
7 0.796266 0.488405 0.045455 0.072883
7 0.842938 0.469356 0.043019 0.077852
7 0.888393 0.452792 0.051136 0.071227
7 0.938718 0.427945 0.046266 0.051350
