5 0.435741 0.534671 0.004600 0.046932
7 0.487013 0.587677 0.014610 0.041411

7 0.973620 0.597730 0.052760 0.046380
7 0.918831 0.596901 0.061688 0.048037
7 0.852679 0.592760 0.072240 0.043067
7 0.777192 0.594417 0.078734 0.039754
7 0.712256 0.596073 0.073864 0.036442
7 0.642045 0.592760 0.077922 0.036442
7 0.575487 0.591104 0.058442 0.046380
7 0.514610 0.587791 0.069805 0.039754
7 0.448458 0.587791 0.067370 0.046380
7 0.379058 0.586135 0.073052 0.043067
7 0.309253 0.582822 0.069805 0.046380
7 0.244318 0.583650 0.068182 0.044724
7 0.176542 0.581165 0.077110 0.049693
7 0.106737 0.577852 0.064123 0.046380
7 0.038961 0.578681 0.071429 0.041411
